%% Definition of all RWTH colors from Farbwelt RWTH pdf
%
% use colorsRWTH. 'specific color' for RGB color matrix
% 
% add those lines to include folder with connectors
% addpath('../matlab-office-connector');
% rmpath('../matlab-office-connector');
% 


%

colorsRWTH.Blau=[0 84 159]/255;
colorsRWTH.Blau75=[64 127 183]/255;
colorsRWTH.Blau50=[142 186 229]/255;
colorsRWTH.Blau25=[199 221 242]/255;
colorsRWTH.Blau10=[232 241 250]/255;

colorsRWTH.Hellblau=[142 186 229]/255;

colorsRWTH.Schwarz=[0 0 0]/255;
colorsRWTH.Schwarz75=[101 101 103]/255;
colorsRWTH.Schwarz50=[156 158 159]/255;
colorsRWTH.Schwarz25=[207 209 210]/255;
colorsRWTH.Schwarz10=[236 237 237]/255;

colorsRWTH.Magenta=[227 0 102]/255;
colorsRWTH.Magenta75=[233 96 136]/255;
colorsRWTH.Magenta50=[241 158 177]/255;
colorsRWTH.Magenta25=[249 210 218]/255;
colorsRWTH.Magenta10=[253 238 240]/255;

colorsRWTH.Gelb=[255 237 0]/255;
colorsRWTH.Gelb75=[255 240 85]/255;
colorsRWTH.Gelb50=[255 245 155]/255;
colorsRWTH.Gelb25=[255 250 209]/255;
colorsRWTH.Gelb10=[255 253 238]/255;

colorsRWTH.Petrol=[0 97 101]/255;
colorsRWTH.Petrol75=[45 127 131]/255;
colorsRWTH.Petrol50=[125 164 167]/255;
colorsRWTH.Petrol25=[191 208 209]/255;
colorsRWTH.Petrol10=[230 236 236]/255;

colorsRWTH.Tuerkis=[0 152 161]/255;
colorsRWTH.Tuerkis75=[0 177 183]/255;
colorsRWTH.Tuerkis50=[137 204 207]/255;
colorsRWTH.Tuerkis25=[202 231 231]/255;
colorsRWTH.Tuerkis10=[235 246 246]/255;

colorsRWTH.Gruen=[87 171 39]/255;
colorsRWTH.Gruen75=[141 192 96]/255;
colorsRWTH.Gruen50=[184 214 152]/255;
colorsRWTH.Gruen25=[221 235 206]/255;
colorsRWTH.Gruen10=[242 247 236]/255;

colorsRWTH.Maigruen=[189 205 0]/255;
colorsRWTH.Maigruen75=[208 217 92]/255;
colorsRWTH.Maigruen50=[224 230 154]/255;
colorsRWTH.Maigruen25=[240 243 208]/255;
colorsRWTH.Maigruen10=[249 250 237]/255;

colorsRWTH.Orange=[246 168 0]/255;
colorsRWTH.Orange75=[250 190 80]/255;
colorsRWTH.Orange50=[253 212 143]/255;
colorsRWTH.Orange25=[254 234 201]/255;
colorsRWTH.Orange10=[255 247 234]/255;

colorsRWTH.Rot=[204 7 30]/255;
colorsRWTH.Rot75=[216 92 65]/255;
colorsRWTH.Rot50=[230 150 121]/255;
colorsRWTH.Rot25=[243 205 187]/255;
colorsRWTH.Rot10=[250 235 227]/255;

colorsRWTH.Bordeaux=[161 16 53]/255;
colorsRWTH.Bordeaux75=[182 82 86]/255;
colorsRWTH.Bordeaux50=[205 139 135]/255;
colorsRWTH.Bordeaux25=[229 197 192]/255;
colorsRWTH.Bordeaux10=[245 232 229]/255;

colorsRWTH.Violet=[97 33 88]/255;
colorsRWTH.Violet75=[131 78 117]/255;
colorsRWTH.Violet50=[168 133 158]/255;
colorsRWTH.Violet25=[210 192 205]/255;
colorsRWTH.Violet10=[237 229 234]/255;

colorsRWTH.Lila=[122 111 172]/255;
colorsRWTH.Lila75=[155 145 193]/255;
colorsRWTH.Lila50=[188 181 215]/255;
colorsRWTH.Lila25=[222 218 235]/255;
colorsRWTH.Lila10=[242 240 247]/255;

colorsRWTH.Grau=[156 156 156]/255;
colorsRWTH.Grau75=[155 145 193]/255;
colorsRWTH.Grau50=[188 181 215]/255;
colorsRWTH.Grau25=[222 218 235]/255;
colorsRWTH.Grau10=[242 240 247]/255;
